ID	LakeID	SampleDate	CageNumber	AnimalNumber	GosnerStage	TotalWeight	BagWeight	TadpoleWeight	TailCondition	comments
129	10102	15-Jul-09	1	1	37	15.4	7.2	8.2	na	na
130	10102	15-Jul-09	1	2	38	14.9	7.3	7.6	na	na
131	10102	15-Jul-09	1	3	31	10.2	7.6	2.6	na	na
132	10102	15-Jul-09	1	4	35	11.4	7.6	3.8	na	na
133	10102	15-Jul-09	1	5	31	11	7.8	3.2	na	na
134	10102	15-Jul-09	1	6	31	10.5	7.9	2.6	na	na
135	10102	15-Jul-09	1	7	34	10.6	7.7	2.9	na	na
136	10102	15-Jul-09	1	8	35	10.7	7.5	3.2	na	na
137	10102	15-Jul-09	1	9	34	10.9	7.8	3.1	na	na
138	10102	15-Jul-09	1	10	35	11.1	7.6	3.5	na	na
248	10102	15-Jul-09	1	11	33	11.6	7.5	4.1	na	na
249	10102	15-Jul-09	1	12	35	11.2	8.2	3	na	na
250	10102	15-Jul-09	1	13	32	11	8.1	2.9	na	na
251	10102	15-Jul-09	1	14	37	15.5	8	7.5	na	na
252	10102	15-Jul-09	1	15	37	15.1	8	7.1	na	na
253	10102	15-Jul-09	1	16	35	10.9	8.2	2.7	na	na
254	10102	15-Jul-09	1	17	35	11.4	8.2	3.2	na	na
255	10102	15-Jul-09	1	18	32	11	8.3	2.7	na	na
256	10102	15-Jul-09	1	19	37	16.1	8.3	7.8	na	na
257	10102	15-Jul-09	1	20	35	11.6	8.2	3.4	na	na
139	10102	15-Jul-09	2	1	31	10.5	7.3	3.2	na	na
140	10102	15-Jul-09	2	2	35	11	7.3	3.7	na	na
141	10102	15-Jul-09	3	1	31	9.7	6.8	2.9	na	na
142	10102	15-Jul-09	3	2	34	10.1	6.6	3.5	na	na
143	10102	15-Jul-09	6	1	36	11.2	7.7	3.5	na	na
144	10102	15-Jul-09	6	2	35	11.6	8.2	3.4	na	na
145	10102	15-Jul-09	6	3	35	11.5	8.2	3.3	na	na
146	10102	15-Jul-09	6	4	32	11.4	8.5	2.9	na	na
147	10102	15-Jul-09	6	5	35	12	8.2	3.8	na	na
148	10102	15-Jul-09	6	6	31	11.2	8.6	2.6	na	na
149	10102	15-Jul-09	6	7	35	11.8	8.5	3.3	na	na
150	10102	15-Jul-09	6	8	30	10.7	8.3	2.4	na	na
151	10102	15-Jul-09	6	9	35	12.1	8.9	3.2	na	na
152	10102	15-Jul-09	6	10	31	11.5	8.5	3	na	na
153	10102	15-Jul-09	6	11	36	11.3	8.2	3.1	na	na
154	10102	15-Jul-09	6	12	35	12.9	9	3.9	na	na
155	10102	15-Jul-09	6	13	38	15.2	9	6.2	na	na
156	10102	15-Jul-09	6	14	35	12.4	8.6	3.8	na	na
157	10102	15-Jul-09	6	15	37	14	8.7	5.3	na	na
158	10102	15-Jul-09	6	16	34	11.8	8.5	3.3	na	na
159	10102	15-Jul-09	6	17	31	11.6	8.5	3.1	na	na
160	10102	15-Jul-09	6	18	37	15.2	8.4	6.8	na	na
161	10102	15-Jul-09	6	19	35	11.6	8.1	3.5	na	na
162	10102	15-Jul-09	6	20	31	10.9	8	2.9	na	na
163	10102	15-Jul-09	7	1	31	11.5	8.9	2.6	na	na
164	10102	15-Jul-09	7	2	35	11.3	8.2	3.1	na	na
165	10102	15-Jul-09	8	1	29	10.5	8.1	2.4	na	na
166	10102	15-Jul-09	8	2	29	10.5	8.2	2.3	na	na
167	10102	15-Jul-09	8	3	37	15.2	8.8	6.4	na	na
168	10102	15-Jul-09	8	4	37	15.3	9.2	6.1	na	na
169	10102	15-Jul-09	8	5	31	11.9	9	2.9	na	na
170	10102	15-Jul-09	8	6	34	12.8	9.4	3.4	na	na
171	10102	15-Jul-09	8	7	35	12.4	9.4	3	na	na
172	10102	15-Jul-09	8	8	34	12.2	9.4	2.8	na	na
173	10102	15-Jul-09	8	9	32	12.4	9.1	3.3	na	na
174	10102	15-Jul-09	8	10	32	12.2	9.1	3.1	na	na
175	10102	15-Jul-09	9	1	38	14.3	8	6.3	na	na
176	10102	15-Jul-09	9	2	35	11.4	8.2	3.2	na	na
177	10102	15-Jul-09	9	3	32	11.5	8.4	3.1	na	na
178	10102	15-Jul-09	9	4	36	12.5	8.6	3.9	na	na
179	10102	15-Jul-09	9	5	37	13.8	8.3	5.5	na	na
180	10102	15-Jul-09	9	6	34	11	8.2	2.8	na	na
181	10102	15-Jul-09	9	7	38	14.1	8	6.1	na	na
182	10102	15-Jul-09	9	8	36	13.8	11.1	2.7	na	na
183	10102	15-Jul-09	9	9	36	12.6	9.1	3.5	na	na
184	10102	15-Jul-09	9	10	35	12.2	8.5	3.7	na	na
185	10102	15-Jul-09	9	11	37	15	8.6	6.4	na	na
186	10102	15-Jul-09	9	12	32	11.1	8.5	2.6	na	na
187	10102	15-Jul-09	9	13	31	11.3	8.2	3.1	na	na
188	10102	15-Jul-09	9	14	36	12.1	8.2	3.9	na	na
189	10102	15-Jul-09	9	15	35	11.4	8.1	3.3	na	na
190	10102	15-Jul-09	9	16	35	11.4	8.1	3.3	na	na
191	10102	15-Jul-09	9	17	31	10.8	8.3	2.5	na	na
192	10102	15-Jul-09	9	18	30	11.1	8.2	2.9	na	na
193	10102	15-Jul-09	9	19	33	11.2	8.1	3.1	na	na
194	10102	15-Jul-09	9	20	32	11	8.3	2.7	na	na
195	10102	15-Jul-09	10	1	31	9.6	7	2.6	na	na
196	10102	15-Jul-09	10	2	35	10.2	7	3.2	na	na
197	10102	15-Jul-09	10	3	31	9.8	7.9	1.9	na	na
198	10102	15-Jul-09	10	4	34	10.8	7.3	3.5	na	na
199	10102	15-Jul-09	10	5	31	9.4	7.2	2.2	na	na
200	10102	15-Jul-09	10	6	31	10.2	6.7	3.5	na	na
201	10102	15-Jul-09	10	7	37	12.7	6.9	5.8	na	na
202	10102	15-Jul-09	10	8	35	10.5	7.1	3.4	na	na
203	10102	15-Jul-09	10	9	35	10.8	7.2	3.6	na	na
204	10102	15-Jul-09	10	10	35	10.3	7.1	3.2	na	na
205	10102	15-Jul-09	10	11	35	10.5	7.1	3.4	na	na
206	10102	15-Jul-09	10	12	35	10.3	7.3	3	na	na
207	10102	15-Jul-09	10	13	37	12.8	7	5.8	na	na
208	10102	15-Jul-09	10	14	31	10.3	6.9	3.4	na	na
209	10102	15-Jul-09	10	15	32	10.1	7	3.1	na	na
210	10102	15-Jul-09	10	16	36	10.5	7	3.5	na	na
211	10102	15-Jul-09	10	17	36	10.7	6.9	3.8	na	na
212	10102	15-Jul-09	10	18	30	9.8	7	2.8	na	na
213	10102	15-Jul-09	10	19	31	9.6	6.8	2.8	na	na
214	10102	15-Jul-09	10	20	36	10.3	7.1	3.2	na	na
215	10102	15-Jul-09	12	1	36	11.2	7.4	3.8	na	na
216	10102	15-Jul-09	12	2	31	8.7	7.2	1.5	na	na
217	10102	15-Jul-09	12	3	38	11.4	7.2	4.2	na	na
218	10102	15-Jul-09	12	4	36	11.3	7.3	4	na	na
219	10102	15-Jul-09	12	5	35	10.8	7.1	3.7	na	na
220	10102	15-Jul-09	12	6	29	9.2	7.1	2.1	na	na
221	10102	15-Jul-09	12	7	33	10.7	7.1	3.6	na	na
222	10102	15-Jul-09	12	8	33	11.1	7.1	4	na	na
223	10102	15-Jul-09	12	9	35	11.5	7.4	4.1	na	na
224	10102	15-Jul-09	12	10	35	11.2	7.3	3.9	na	na
225	10102	15-Jul-09	13	1	31	10	7.4	2.6	na	na
226	10102	15-Jul-09	13	2	36	10.1	7.4	2.7	na	na
227	10102	15-Jul-09	14	1	36	11.1	7.2	3.9	na	na
228	10102	15-Jul-09	14	2	35	9.8	7	2.8	na	na
229	10102	15-Jul-09	14	3	31	9.4	6.8	2.6	na	na
230	10102	15-Jul-09	14	4	35	10.3	7	3.3	na	na
231	10102	15-Jul-09	14	5	34	9.8	6.9	2.9	na	na
232	10102	15-Jul-09	14	6	35	10.3	7.2	3.1	na	na
233	10102	15-Jul-09	14	7	36	11.2	7.1	4.1	na	na
234	10102	15-Jul-09	14	8	32	10	7.2	2.8	na	na
235	10102	15-Jul-09	14	9	36	11.2	7.2	4	na	na
236	10102	15-Jul-09	14	10	37	11.8	7.2	4.6	na	na
238	10102	15-Jul-09	17	1	36	10.6	6.8	3.8	na	na
239	10102	15-Jul-09	17	2	32	10.6	7.3	3.3	na	na
240	10102	15-Jul-09	17	3	31	10	7.4	2.6	na	na
241	10102	15-Jul-09	17	4	31	10.2	7.1	3.1	na	na
242	10102	15-Jul-09	17	5	32	10.8	7.3	3.5	na	na
243	10102	15-Jul-09	17	6	31	10.1	7.6	2.5	na	na
244	10102	15-Jul-09	17	7	30	9.4	7.5	1.9	na	na
245	10102	15-Jul-09	17	8	31	11.1	7.7	3.4	na	na
246	10102	15-Jul-09	17	9	31	11.2	8.1	3.1	na	na
247	10102	15-Jul-09	17	10	36	11.9	8.3	3.6	na	na
258	10102	1-Aug-09	1	1	41	7.3	2.1	5.2	na	na
259	10102	1-Aug-09	1	2	34	4.2	2.3	1.9	na	na
260	10102	1-Aug-09	1	3	39	7.7	3.9	3.8	na	na
261	10102	1-Aug-09	1	4	35	5	2.2	2.8	na	na
277	10102	1-Aug-09	1	5	39	8.2	2.5	5.7	na	na
262	10102	1-Aug-09	1	6	41	7.5	2.5	5	na	na
263	10102	1-Aug-09	1	7	31	4.5	2.5	2	na	na
264	10102	1-Aug-09	1	8	41	8.6	2.4	6.2	na	na
265	10102	1-Aug-09	1	9	35	4.7	2.6	2.1	na	na
266	10102	1-Aug-09	1	10	35	4.9	2.3	2.6	na	na
267	10102	1-Aug-09	1	11	32	4.3	2.2	2.1	na	na
268	10102	1-Aug-09	1	12	34	4.8	2.3	2.5	na	na
269	10102	1-Aug-09	1	13	35	4.6	2.3	2.3	na	na
270	10102	1-Aug-09	1	14	34	4.1	1.9	2.2	short	na
271	10102	1-Aug-09	1	15	35	4.3	2	2.3	na	na
272	10102	1-Aug-09	1	16	36	5.3	2.9	2.4	na	na
273	10102	1-Aug-09	1	17	35	4.6	2.3	2.3	na	na
274	10102	1-Aug-09	1	18	35	4.4	2.4	2	na	na
275	10102	1-Aug-09	1	19	33	4.4	2.3	2.1	na	na
276	10102	1-Aug-09	1	20	34	4.1	2.1	2	na	na
490	10102	23-Aug-09	0	1	28	4.9	2.5	2.4	na	#1  FORM preserved
491	10102	23-Aug-09	0	2	31	5.2	2.4	2.8	ragged tail	na
492	10102	23-Aug-09	0	3	31	5.1	2.3	2.8	tail tip missing	#2  FORM preserved
493	10102	23-Aug-09	0	4	34	6.6	3	3.6	na	#3  FORM preserved
494	10102	23-Aug-09	0	5	32	6.3	2.6	3.7	ragged tail	#4  FORM preserved
495	10102	23-Aug-09	0	6	31	4.7	2.4	2.3	ragged tail	na
496	10102	23-Aug-09	0	7	34	6.8	3.2	3.6	short tail	na
497	10102	23-Aug-09	0	8	36	9.6	2.8	6.8	na	#5  FORM preserved
498	10102	23-Aug-09	0	9	37	7.4	2.5	4.9	na	#6  FORM preserved
499	10102	23-Aug-09	0	10	37	8.8	2.3	6.5	na	#7  FORM Preserved
500	10102	23-Aug-09	0	11	39	11.4	2.6	8.8	na	#8  FROM preserved
501	10102	23-Aug-09	0	12	41	13.8	2.5	11.3	na	#9  FORM preserved
502	10102	23-Aug-09	0	13	35	8.2	2.5	5.7	na	#10 FORm preserved
503	10102	23-Aug-09	0	14	41	14.2	2.4	11.8	na	na
504	10102	23-Aug-09	0	15	35	7.4	2.5	4.9	na	na
505	10102	23-Aug-09	0	16	40	12.6	2.6	10	na	na
506	10102	23-Aug-09	0	17	38	9	2.4	6.6	na	na
507	10102	23-Aug-09	0	18	36	7.9	2.8	5.1	na	na
508	10102	23-Aug-09	0	19	30	5.6	2.5	3.1	na	na
509	10102	23-Aug-09	0	20	35	6.7	2.4	4.3	na	na
510	10102	23-Aug-09	0	21	35	7.2	2.4	4.8	na	na
511	10102	23-Aug-09	0	22	34	6.4	2.3	4.1	na	na
512	10102	23-Aug-09	0	23	37	7.3	2.3	5	na	na
513	10102	23-Aug-09	0	24	38	8.8	3	5.8	na	na
514	10102	23-Aug-09	0	25	26	3.2	2.5	0.7	na	na
515	10102	23-Aug-09	0	26	38	8.6	2.5	6.1	na	na
516	10102	23-Aug-09	0	27	36	7.5	2.4	5.1	na	na
517	10102	23-Aug-09	0	28	26	3.1	2.6	0.5	na	na
518	10102	23-Aug-09	0	29	41	13.4	2.4	11	na	na
519	10102	23-Aug-09	0	30	37	8.7	2.5	6.2	na	na
520	10102	23-Aug-09	1	1	33	3.4	1.5	1.9	na	na
521	10102	23-Aug-09	1	2	37	5.4	1.6	3.8	na	na
522	10102	23-Aug-09	1	3	38	4.8	2.2	2.6	na	na
523	10102	23-Aug-09	1	4	36	5	2.2	2.8	na	na
524	10102	23-Aug-09	1	5	37	5.7	2.5	3.2	na	na
525	10102	23-Aug-09	1	6	36	5.5	2.6	2.9	na	na
526	10102	23-Aug-09	1	7	36	5	2.8	2.2	na	na
527	10102	23-Aug-09	1	8	37	5.1	2.6	2.5	na	na
528	10102	23-Aug-09	1	9	37	5.2	2.6	2.6	na	na
529	10102	23-Aug-09	1	10	36	5.2	2.6	2.6	na	na
530	10102	23-Aug-09	1	11	36	4.6	2.5	2.1	na	na
531	10102	23-Aug-09	1	12	37	5.1	2.4	2.7	na	na
532	10102	23-Aug-09	1	13	34	4.2	2.3	1.9	na	na
533	10102	23-Aug-09	1	14	36	4.3	2.2	2.1	na	na
534	10102	23-Aug-09	1	15	33	4.2	2.2	2	na	na
535	10102	23-Aug-09	1	16	33	4.6	2.1	2.5	na	na
536	10102	23-Aug-09	1	17	37	4.6	2.1	2.5	na	na
537	10102	23-Aug-09	1	18	37	4.5	2.1	2.4	na	na
538	10102	23-Aug-09	1	19	37	4.6	2.3	2.3	na	na
539	10102	23-Aug-09	1	20	36	4.5	2.3	2.2	na	na
452	10102	23-Aug-09	2	1	35	5.1	2.1	3	na	na
453	10102	23-Aug-09	2	2	34	4.5	2	2.5	na	na
454	10102	23-Aug-09	3	1	36	5.5	2.3	3.2	na	na
455	10102	23-Aug-09	3	2	32	5.1	2.2	2.9	na	na
456	10102	23-Aug-09	6	1	32	4.4	2.4	2	na	na
457	10102	23-Aug-09	6	2	37	6	2.5	3.5	na	na
458	10102	23-Aug-09	6	3	36	5.2	2.6	2.6	na	na
459	10102	23-Aug-09	6	4	36	4.9	2.4	2.5	na	na
460	10102	23-Aug-09	6	5	32	4.3	2.2	2.1	na	na
461	10102	23-Aug-09	6	6	35	4.3	2.3	2	na	na
462	10102	23-Aug-09	6	7	36	4.5	2.4	2.1	na	na
463	10102	23-Aug-09	6	8	31	3.7	2.1	1.6	na	na
464	10102	23-Aug-09	6	9	35	4.8	2.3	2.5	na	na
465	10102	23-Aug-09	6	10	32	4.3	2.2	2.1	na	na
466	10102	23-Aug-09	6	11	36	4.8	2.1	2.7	na	na
467	10102	23-Aug-09	6	12	35	4.7	2	2.7	na	na
468	10102	23-Aug-09	6	13	35	5	2.2	2.8	na	na
469	10102	23-Aug-09	6	14	35	4.6	2.1	2.5	na	na
470	10102	23-Aug-09	6	15	34	4.5	2	2.5	na	na
471	10102	23-Aug-09	6	16	36	5.1	2	3.1	na	na
472	10102	23-Aug-09	6	17	35	4.6	2.4	2.2	na	na
474	10102	23-Aug-09	6	18	31	4	2.2	1.8	na	na
475	10102	23-Aug-09	6	19	32	4	2.2	1.8	na	na
476	10102	23-Aug-09	6	20	35	4.2	2	2.2	na	na
477	10102	23-Aug-09	7	1	34	5.7	2	3.7	na	na
478	10102	23-Aug-09	7	2	31	5.4	2.2	3.2	na	na
479	10102	23-Aug-09	8	1	34	4.9	2.2	2.7	na	na
480	10102	23-Aug-09	8	2	35	5.2	2.3	2.9	na	na
481	10102	23-Aug-09	8	3	34	4.5	2.6	1.9	na	na
482	10102	23-Aug-09	8	4	32	4.2	2.5	1.7	na	na
483	10102	23-Aug-09	8	5	31	3.9	2.4	1.5	na	na
484	10102	23-Aug-09	8	6	33	4.6	2.3	2.3	short.tail	na
485	10102	23-Aug-09	8	7	34	4.5	2.2	2.3	na	na
486	10102	23-Aug-09	8	8	34	4.5	2.1	2.4	na	na
487	10102	23-Aug-09	8	9	35	4.5	2	2.5	na	na
488	10102	23-Aug-09	8	10	34	4.3	2.1	2.2	na	na
489	10102	23-Aug-09	8	11	27	2.4	2.1	0.3	na	na
542	10102	23-Aug-09	9	1	36	5.5	2.7	2.8	na	na
543	10102	23-Aug-09	9	2	37	6.6	2.7	3.9	na	na
544	10102	23-Aug-09	9	3	36	5.4	2.6	2.8	na	na
545	10102	23-Aug-09	9	4	37	5.8	2.6	3.2	na	na
546	10102	23-Aug-09	9	5	32	4.7	2.6	2.1	na	na
547	10102	23-Aug-09	9	6	37	5.5	2.6	2.9	na	na
548	10102	23-Aug-09	9	7	38	6.8	2.3	4.5	na	na
549	10102	23-Aug-09	9	8	36	4.6	2.2	2.4	na	na
550	10102	23-Aug-09	9	9	33	5	2.2	2.8	na	na
551	10102	23-Aug-09	9	10	32	5	2.2	2.8	na	na
552	10102	23-Aug-09	9	11	36	4.9	2.4	2.5	na	na
553	10102	23-Aug-09	9	12	36	5.2	2.3	2.9	na	na
554	10102	23-Aug-09	9	13	32	4.4	2.5	1.9	na	na
555	10102	23-Aug-09	9	14	35	5.4	2.5	2.9	na	na
556	10102	23-Aug-09	9	15	32	4.8	2.5	2.3	na	na
557	10102	23-Aug-09	9	16	34	4.6	2.3	2.3	na	na
558	10102	23-Aug-09	9	17	34	4.3	2.3	2	na	na
559	10102	23-Aug-09	9	18	34	4.4	2.2	2.2	na	na
560	10102	23-Aug-09	9	19	36	4.5	2.1	2.4	na	na
561	10102	23-Aug-09	9	20	34	4.8	2.2	2.6	na	na
540	10102	23-Aug-09	13	1	36	5.2	2.2	3	na	na
541	10102	23-Aug-09	13	2	32	4.8	2.5	2.3	na	na
572	10102	23-Aug-09	14	1	37	5.8	2.2	3.6	na	na
573	10102	23-Aug-09	14	2	37	5.9	2.3	3.6	na	na
574	10102	23-Aug-09	14	3	32	4.8	2.3	2.5	na	na
575	10102	23-Aug-09	14	4	35	4.7	2.5	2.2	na	na
576	10102	23-Aug-09	14	5	33	4.9	2.4	2.5	na	na
577	10102	23-Aug-09	14	6	36	4.5	2.3	2.2	na	na
578	10102	23-Aug-09	14	7	35	5.2	2.4	2.8	na	na
579	10102	23-Aug-09	14	8	35	4.3	2.3	2	na	na
580	10102	23-Aug-09	14	9	35	5.1	2.2	2.9	na	na
581	10102	23-Aug-09	14	10	32	4.3	2.3	2	na	na
562	10102	23-Aug-09	17	1	36	5	2	3	na	na
563	10102	23-Aug-09	17	2	32	4.8	2	2.8	na	na
564	10102	23-Aug-09	17	3	33	4.5	2	2.5	na	na
565	10102	23-Aug-09	17	4	34	4.8	2.1	2.7	na	na
566	10102	23-Aug-09	17	5	36	5.3	2	3.3	na	na
567	10102	23-Aug-09	17	6	33	4.5	2.2	2.3	na	na
568	10102	23-Aug-09	17	7	31	4	2.2	1.8	na	na
569	10102	23-Aug-09	17	8	33	4.4	2.1	2.3	na	na
570	10102	23-Aug-09	17	9	31	4	2.2	1.8	na	na
571	10102	23-Aug-09	17	10	34	5.1	2.2	2.9	na	na
693	10102	9-Sep-09	1	1	35	5.2	2.1	3.1	na	na
694	10102	14-Sep-09	1	2	35	5.2	2.1	3.1	na	na
695	10102	14-Sep-09	1	3	35	4.8	2.1	2.7	short.tail	
696	10102	14-Sep-09	1	4	35	5.4	2.1	3.3	na	na
697	10102	14-Sep-09	1	5	34	4.1	2	2.1	na	na
699	10102	14-Sep-09	1	6	34	5	2	3	na	na
700	10102	14-Sep-09	1	7	34	5.6	2.6	3	na	na
701	10102	14-Sep-09	1	8	35	5.9	2.5	3.4	na	na
702	10102	14-Sep-09	1	9	33	4.5	2.2	2.3	na	na
703	10102	14-Sep-09	1	10	35	4.7	2.2	2.5	na	na
704	10102	14-Sep-09	1	11	34	5.4	3.4	2	na	na
705	10102	14-Sep-09	1	12	35	6.4	3.5	2.9	na	na
708	10102	14-Sep-09	1	13	37	5.4	2.7	2.7	na	na
706	10102	14-Sep-09	1	14	36	5.4	2.5	2.9	na	na
707	10102	14-Sep-09	1	15	34	4.6	2.3	2.3	na	na
709	10102	14-Sep-09	1	16	36	4.7	2.2	2.5	na	na
710	10102	14-Sep-09	1	17	35	4.9	2.3	2.6	na	na
711	10102	14-Sep-09	1	18	31	0	0	0	na	no weight - escaped
712	10102	14-Sep-09	1	19	31	4.3	2.1	2.2	na	na
713	10102	14-Sep-09	1	20	34	4.9	2.2	2.7	na	na
754	10102	14-Sep-09	2	1	36	5.2	1.7	3.5	na	na
755	10102	14-Sep-09	2	2	34	4.6	1.8	2.8	na	na
756	10102	14-Sep-09	3	1	33	4.8	2	2.8	na	na
757	10102	14-Sep-09	3	2	36	5.2	2	3.2	na	na
758	10102	14-Sep-09	6	1	35	4.5	1.9	2.6	na	na
759	10102	14-Sep-09	6	2	36	5.3	2	3.3	na	na
760	10102	14-Sep-09	6	3	36	5	2	3	na	na
761	10102	14-Sep-09	6	4	36	5.5	2	3.5	na	na
762	10102	14-Sep-09	6	5	35	4.7	2	2.7	na	na
763	10102	14-Sep-09	6	6	36	4.8	2	2.8	na	na
764	10102	14-Sep-09	6	7	35	4.6	2.1	2.5	na	na
765	10102	14-Sep-09	6	8	34	4.4	2	2.4	na	na
766	10102	14-Sep-09	6	9	35	4.8	2	2.8	na	na
767	10102	14-Sep-09	6	10	35	4.8	1.9	2.9	na	na
768	10102	14-Sep-09	6	11	32	4.3	2.1	2.2	na	na
769	10102	14-Sep-09	6	12	35	4.5	2.1	2.4	na	na
770	10102	14-Sep-09	6	13	31	4.3	2.1	2.2	na	na
771	10102	14-Sep-09	6	14	36	4.8	2.2	2.6	na	na
772	10102	14-Sep-09	6	15	33	4.3	2.2	2.1	na	na
773	10102	14-Sep-09	6	16	30	4	2.1	1.9	na	na
774	10102	14-Sep-09	6	17	36	4.4	2.1	2.3	na	na
775	10102	14-Sep-09	6	18	33	4.2	2.1	2.1	na	na
776	10102	14-Sep-09	6	19	31	4.2	2	2.2	na	na
777	10102	14-Sep-09	6	20	30	3.8	2	1.8	na	na
778	10102	14-Sep-09	7	1	35	5.2	2.1	3.1	na	na
779	10102	14-Sep-09	7	2	32	4.8	2	2.8	na	na
780	10102	14-Sep-09	8	1	34	5	2	3	na	na
781	10102	14-Sep-09	8	2	35	4.6	2	2.6	na	na
782	10102	14-Sep-09	8	3	33	4.7	2	2.7	na	na
783	10102	14-Sep-09	8	4	34	4.8	2	2.8	na	na
784	10102	14-Sep-09	8	5	31	4	2	2	na	na
785	10102	14-Sep-09	8	6	35	4.6	2.1	2.5	na	na
786	10102	14-Sep-09	8	7	36	4.8	2	2.8	na	na
787	10102	14-Sep-09	8	8	33	4.2	2	2.2	na	na
788	10102	14-Sep-09	8	9	30	3.5	2	1.5	na	na
789	10102	14-Sep-09	8	10	27	2.6	2	0.6	na	na
714	10102	14-Sep-09	9	1	36	5.7	2.7	3	na	na
715	10102	14-Sep-09	9	2	35	5.2	2.5	2.7	na	na
716	10102	14-Sep-09	9	3	36	5.9	2.4	3.5	na	na
717	10102	14-Sep-09	9	4	32	5	2.3	2.7	na	na
718	10102	14-Sep-09	9	5	36	6.7	2.3	4.4	na	na
719	10102	14-Sep-09	9	6	35	5.5	2.4	3.1	na	na
720	10102	14-Sep-09	9	7	36	5.6	2.4	3.2	na	na
721	10102	14-Sep-09	9	8	31	4.8	2.2	2.6	na	na
722	10102	14-Sep-09	9	9	35	5.2	2.1	3.1	na	na
723	10102	14-Sep-09	9	10	33	4.8	2.2	2.6	na	na
724	10102	14-Sep-09	9	11	37	7.7	2.8	4.9	na	na
725	10102	14-Sep-09	9	12	35	5.5	2.7	2.8	na	na
726	10102	14-Sep-09	9	13	35	5.5	2.5	3	na	na
727	10102	14-Sep-09	9	14	33	5.1	2.6	2.5	na	na
728	10102	14-Sep-09	9	15	31	4.8	2.4	2.4	na	na
729	10102	14-Sep-09	9	16	35	5.5	2.4	3.1	na	na
730	10102	14-Sep-09	9	17	36	5.7	2.4	3.3	na	na
731	10102	14-Sep-09	9	18	34	4.5	2.3	2.2	na	na
732	10102	14-Sep-09	9	19	34	4.9	2.2	2.7	na	na
733	10102	14-Sep-09	9	20	33	4.5	2.2	2.3	na	na
734	10102	14-Sep-09	10	1	34	5.3	3.7	1.6	na	na
735	10102	14-Sep-09	10	2	35	5.7	2.6	3.1	na	na
736	10102	14-Sep-09	10	3	31	4.7	2.6	2.1	na	na
737	10102	14-Sep-09	10	4	38	6.8	2.6	4.2	na	na
738	10102	14-Sep-09	10	5	33	5	2.5	2.5	na	na
739	10102	14-Sep-09	10	6	36	5.4	2.4	3	na	na
740	10102	14-Sep-09	10	7	31	5	2.2	2.8	na	na
741	10102	14-Sep-09	10	8	36	5.7	2.4	3.3	na	na
742	10102	14-Sep-09	10	9	31	4.5	2.2	2.3	na	na
743	10102	14-Sep-09	10	10	35	5	2.2	2.8	na	na
744	10102	14-Sep-09	10	11	34	5.1	2.1	3	na	na
745	10102	14-Sep-09	10	12	35	5.5	2.1	3.4	na	na
746	10102	14-Sep-09	10	13	31	5.4	3.2	2.2	na	na
747	10102	14-Sep-09	10	14	35	5.3	2.5	2.8	na	na
748	10102	14-Sep-09	10	15	36	5.6	2.7	2.9	na	na
749	10102	14-Sep-09	10	16	35	5	2.5	2.5	na	na
750	10102	14-Sep-09	10	17	36	4.8	2.2	2.6	na	na
751	10102	14-Sep-09	10	18	31	4.2	2.1	2.1	na	na
752	10102	14-Sep-09	10	19	32	4	2	2	na	na
753	10102	14-Sep-09	10	20	35	4.5	2	2.5	na	na
790	10102	14-Sep-09	12	1	36	5	2	3	na	na
791	10102	14-Sep-09	12	2	36	4.8	2	2.8	na	na
792	10102	14-Sep-09	12	3	35	4.8	2	2.8	na	na
793	10102	14-Sep-09	12	4	36	5.2	2.1	3.1	na	na
794	10102	14-Sep-09	12	5	32	4.8	2.1	2.7	na	na
795	10102	14-Sep-09	12	6	37	4.9	2	2.9	na	na
796	10102	14-Sep-09	12	7	37	4.9	2	2.9	na	na
797	10102	14-Sep-09	12	8	33	4.2	2	2.2	na	na
798	10102	14-Sep-09	12	9	29	3.8	2	1.8	na	na
799	10102	14-Sep-09	12	10	31	4.1	2	2.1	na	na
820	10102	14-Sep-09	13	1	35	6	2.2	3.8	na	na
821	10102	14-Sep-09	13	2	31	4.6	2	2.6	na	na
810	10102	14-Sep-09	14	1	31	5	2.6	2.4	na	na
811	10102	14-Sep-09	14	2	36	6.3	2.5	3.8	na	na
812	10102	14-Sep-09	14	3	35	4.8	2.4	2.4	na	na
813	10102	14-Sep-09	14	4	33	5	2.6	2.4	na	na
814	10102	14-Sep-09	14	5	37	6.5	2.5	4	na	na
815	10102	14-Sep-09	14	6	35	5.1	2.4	2.7	na	na
816	10102	14-Sep-09	14	7	35	4.5	2.3	2.2	na	na
817	10102	14-Sep-09	14	8	35	5.4	2.2	3.2	na	na
818	10102	14-Sep-09	14	9	34	5	2.2	2.8	na	na
819	10102	14-Sep-09	14	10	35	5.2	2.2	3	na	na
800	10102	14-Sep-09	17	1	33	5	2	3	na	na
801	10102	14-Sep-09	17	2	36	5.5	2	3.5	na	na
802	10102	14-Sep-09	17	3	31	4.6	2	2.6	na	na
803	10102	14-Sep-09	17	4	36	5.6	2	3.6	na	na
804	10102	14-Sep-09	17	5	32	4.5	2	2.5	na	na
805	10102	14-Sep-09	17	6	33	4.9	1.9	3	na	na
806	10102	14-Sep-09	17	7	32	4.8	2	2.8	na	na
807	10102	14-Sep-09	17	8	32	5.2	2.1	3.1	na	na
808	10102	14-Sep-09	17	9	31	4.1	2	2.1	na	na
809	10102	14-Sep-09	17	10	31	4.4	2	2.4	na	na
1	10475	21-Jul-09	1	1	37	10.1	2.2	7.9	OK	na
2	10475	21-Jul-09	1	2	27	2.2	1.9	0.3	OK	na
3	10475	21-Jul-09	1	3	36	7.2	1.8	5.4	OK	na
4	10475	21-Jul-09	1	4	36	6.9	1.8	5.1	OK	na
5	10475	21-Jul-09	1	5	29	3.3	1.8	1.5	OK	na
6	10475	21-Jul-09	1	6	35	5.8	1.8	4	OK	na
7	10475	21-Jul-09	1	7	36	4.5	1.8	2.7	OK	na
8	10475	21-Jul-09	1	8	30	3.3	1.8	1.5	ragged/broken	na
9	10475	21-Jul-09	1	9	29	3	1.8	1.2	OK	na
10	10475	21-Jul-09	1	10	29	4.6	1.8	2.8	ragged/broken	na
11	10475	21-Jul-09	1	11	36	7.1	2.6	4.5	na	na
12	10475	21-Jul-09	1	12	28	3.5	2.3	1.2	OK	na
13	10475	21-Jul-09	1	13	28	3.6	2.2	1.4	OK	na
14	10475	21-Jul-09	1	14	27	3.4	2.1	1.3	ragged/broken	na
15	10475	21-Jul-09	1	15	37	8.6	2.5	6.1	OK	na
16	10475	21-Jul-09	1	16	28	3.4	2.2	1.2	ragged/broken	na
17	10475	21-Jul-09	1	17	35	7.3	2	5.3	OK	na
18	10475	21-Jul-09	1	18	28	3.3	2.1	1.2	OK	na
19	10475	21-Jul-09	1	19	27	3.2	2.1	1.1	ragged/broken	na
20	10475	21-Jul-09	1	20	37	7.1	2.1	5	OK	na
21	10475	21-Jul-09	2	1	36	8.4	2	6.4	na	na
22	10475	21-Jul-09	2	2	30	3.5	2	1.5	OK	na
23	10475	21-Jul-09	2	3	29	3.7	2	1.7	OK	na
24	10475	21-Jul-09	2	4	29	3.8	2.1	1.7	OK	na
25	10475	21-Jul-09	2	5	37	7.4	2.1	5.3	OK	na
26	10475	21-Jul-09	2	6	29	3.8	2	1.8	ragged/broken	na
27	10475	21-Jul-09	2	7	37	9.5	2	7.5	ragged/broken	na
28	10475	21-Jul-09	2	8	37	7.8	2	5.8	ok	na
29	10475	21-Jul-09	2	9	28	3.4	2	1.4	OK	na
30	10475	21-Jul-09	2	10	27	3.3	2.1	1.2	OK	na
31	10475	21-Jul-09	2	11	35	5.5	2.2	3.3	ragged/broken	na
32	10475	21-Jul-09	2	12	29	3.7	2.2	1.5	ragged/broken	na
33	10475	21-Jul-09	2	13	37	7.7	2.2	5.5	OK	na
34	10475	21-Jul-09	2	14	28	3.2	2	1.2	ragged/broken	na
35	10475	21-Jul-09	2	15	36	6.3	2	4.3	OK	na
36	10475	21-Jul-09	2	16	29	3.9	2.2	1.7	OK	na
37	10475	21-Jul-09	2	17	29	3.5	2.5	1	ragged/broken	na
38	10475	21-Jul-09	2	18	35	7.4	2.3	5.1	OK	na
39	10475	21-Jul-09	2	19	38	9	2.5	6.5	OK	na
40	10475	21-Jul-09	2	20	29	3.1	2.3	0.8	ragged/broken	na
41	10475	21-Jul-09	3	1	36	5.3	2.3	3	OK	na
42	10475	21-Jul-09	3	2	29	3.5	2	1.5	ragged/broken	na
43	10475	21-Jul-09	4	1	28	3.7	2	1.7	ragged/broken	na
44	10475	21-Jul-09	4	2	37	6.6	2	4.6	OK	na
45	10475	21-Jul-09	5	1	28	2.9	1.8	1.1	na	na
46	10475	21-Jul-09	5	2	37	7.6	2	5.6	na	na
47	10475	21-Jul-09	5	3	37	8.5	2	6.5	na	na
48	10475	21-Jul-09	5	4	29	3	2	1	na	na
49	10475	21-Jul-09	5	5	37	8.7	1.9	6.8	na	na
50	10475	21-Jul-09	5	6	28	3	2	1	na	na
51	10475	21-Jul-09	5	7	37	7.1	2	5.1	na	na
52	10475	21-Jul-09	5	8	36	6.4	1.9	4.5	na	na
53	10475	21-Jul-09	5	9	29	3.4	2	1.4	na	na
54	10475	21-Jul-09	5	10	37	6.8	2	4.8	na	na
55	10475	21-Jul-09	5	11	29	3.3	2.1	1.2	na	na
56	10475	21-Jul-09	5	12	37	6.8	2	4.8	na	na
57	10475	21-Jul-09	5	13	36	6.5	2	4.5	na	na
58	10475	21-Jul-09	5	14	27	3.2	2.1	1.1	na	na
59	10475	21-Jul-09	5	15	28	3.3	2.3	1	na	na
60	10475	21-Jul-09	5	16	37	6.6	2.3	4.3	na	na
61	10475	21-Jul-09	5	17	28	3.4	2.2	1.2	na	na
62	10475	21-Jul-09	5	18	29	3.6	2.2	1.4	na	na
63	10475	21-Jul-09	5	19	37	11.5	2.2	9.3	na	na
64	10475	21-Jul-09	5	20	29	3.5	2.4	1.1	na	na
65	10475	21-Jul-09	7	1	37	7.1	1.8	5.3	na	na
66	10475	21-Jul-09	7	2	37	6.8	1.8	5	na	na
67	10475	21-Jul-09	7	3	28	3	1.9	1.1	na	na
68	10475	21-Jul-09	7	4	28	3.1	1.9	1.2	na	na
69	10475	21-Jul-09	7	5	37	7.7	1.9	5.8	na	na
70	10475	21-Jul-09	7	6	30	3.3	1.9	1.4	na	na
71	10475	21-Jul-09	7	7	29	3	1.9	1.1	na	na
72	10475	21-Jul-09	7	8	37	5.9	1.9	4	na	na
73	10475	21-Jul-09	7	9	29	3.2	1.9	1.3	ragged/broken	na
74	10475	21-Jul-09	7	10	36	6.1	1.9	4.2	na	na
75	10475	21-Jul-09	10	1	36	6.8	2.1	4.7	na	na
76	10475	21-Jul-09	10	2	28	3.5	2.1	1.4	na	na
77	10475	21-Jul-09	11	1	36	8	2.1	5.9	na	na
78	10475	21-Jul-09	11	2	37	6.6	2	4.6	na	na
79	10475	21-Jul-09	11	3	29	3.3	2	1.3	na	na
80	10475	21-Jul-09	11	4	28	3.5	2	1.5	na	na
81	10475	21-Jul-09	11	5	29	3.6	2	1.6	na	na
82	10475	21-Jul-09	11	6	35	6.3	2	4.3	na	na
83	10475	21-Jul-09	11	7	37	7.2	2.1	5.1	na	na
84	10475	21-Jul-09	11	8	36	6.5	2	4.5	na	na
85	10475	21-Jul-09	11	9	30	3.7	2	1.7	na	na
86	10475	21-Jul-09	11	10	36	6.8	2.1	4.7	na	na
87	10475	21-Jul-09	13	1	37	8.2	3.2	5	na	na
88	10475	21-Jul-09	13	2	37	7.1	2.4	4.7	na	na
89	10475	21-Jul-09	13	3	29	3.3	2.3	1	na	na
90	10475	21-Jul-09	13	4	37	7.8	2.4	5.4	na	na
91	10475	21-Jul-09	13	5	37	7.2	2.2	5	na	na
92	10475	21-Jul-09	13	6	29	4.1	2.2	1.9	na	na
93	10475	21-Jul-09	13	7	29	3.5	2.1	1.4	na	na
94	10475	21-Jul-09	13	8	29	3.2	2	1.2	na	na
95	10475	21-Jul-09	13	9	30	3.1	1.9	1.2	na	na
96	10475	21-Jul-09	13	10	37	5.9	2.3	3.6	na	na
97	10475	21-Jul-09	15	1	30	3.9	1.2	2.7	na	na
98	10475	21-Jul-09	15	2	37	6	2	4	na	na
99	10475	21-Jul-09	16	1	37	8.3	2.5	5.8	OK	na
100	10475	21-Jul-09	16	2	36	6.4	2.2	4.2	OK	na
101	10475	21-Jul-09	16	3	30	3.2	2.2	1	ragged/broken	na
102	10475	21-Jul-09	16	4	28	3	2.2	0.8	ragged/broken	na
103	10475	21-Jul-09	16	5	30	3.5	2.2	1.3	ragged/broken	na
104	10475	21-Jul-09	16	6	36	7	2.1	4.9	OK	na
105	10475	21-Jul-09	16	7	29	3.6	2.1	1.5	ragged/broken	na
106	10475	21-Jul-09	16	8	29	3.8	2.5	1.3	ragged/broken	na
107	10475	21-Jul-09	16	9	36	6.9	2.5	4.4	OK	na
108	10475	21-Jul-09	16	10	30	2.8	2.4	0.4	OK	na
109	10475	21-Jul-09	17	1	28	3.2	2	1.2	ragged/broken	na
110	10475	21-Jul-09	17	2	29	4.4	2	2.4	ragged/broken	na
111	10475	21-Jul-09	17	3	37	9.3	2.1	7.2	OK	na
112	10475	21-Jul-09	17	4	28	3.3	2.2	1.1	OK	na
113	10475	21-Jul-09	17	5	37	8	2.2	5.8	OK	na
114	10475	21-Jul-09	17	6	37	7.4	2.2	5.2	OK	na
115	10475	21-Jul-09	17	7	29	4	2.2	1.8	ragged/broken	na
116	10475	21-Jul-09	17	8	28	3.8	2.2	1.6	ragged/broken	na
117	10475	21-Jul-09	17	9	29	3.9	2.4	1.5	ragged/broken	na
118	10475	21-Jul-09	17	10	38	8.9	2.5	6.4	ragged/broken	na
119	10475	21-Jul-09	17	11	29	3.5	2.3	1.2	ragged/broken	na
120	10475	21-Jul-09	17	12	37	7.6	2.2	5.4	OK	na
121	10475	21-Jul-09	17	13	29	3.5	2.3	1.2	OK	na
122	10475	21-Jul-09	17	14	36	7	2.4	4.6	OK	na
123	10475	21-Jul-09	17	15	37	5.7	2.3	3.4	OK	na
124	10475	21-Jul-09	17	16	28	3.1	2.1	1	ragged/broken	na
125	10475	21-Jul-09	17	17	36	6.1	2	4.1	OK	na
126	10475	21-Jul-09	17	18	29	4	2.2	1.8	ragged/broken	na
127	10475	21-Jul-09	17	19	36	7	2.2	4.8	ragged/broken	na
128	10475	21-Jul-09	17	20	29	3.9	2.1	1.8	ragged/broken	na
435	10475	12-Aug-09	0	1	41	8	3.1	4.9	na	na
436	10475	12-Aug-09	0	2	41	7	2.8	4.2	na	na
437	10475	12-Aug-09	0	3	41	10	2.9	7.1	na	na
438	10475	12-Aug-09	0	4	38	9.6	2.9	6.7	na	na
439	10475	12-Aug-09	0	5	40	7.8	2.7	5.1	na	na
440	10475	12-Aug-09	0	6	38	10.3	2.2	8.1	na	na
441	10475	12-Aug-09	0	7	37	8.7	2.8	5.9	na	na
442	10475	12-Aug-09	0	8	40	8.1	2.7	5.4	na	na
443	10475	12-Aug-09	0	9	37	7.9	2.5	5.4	na	na
444	10475	12-Aug-09	0	10	38	10.2	2.9	7.3	na	na
445	10475	12-Aug-09	0	11	39	9.3	2.9	6.4	na	na
446	10475	12-Aug-09	0	12	40	9.5	2.7	6.8	na	na
447	10475	12-Aug-09	0	13	40	8.9	2.7	6.2	na	na
448	10475	12-Aug-09	0	14	41	7.1	2.6	4.5	na	na
449	10475	12-Aug-09	0	15	37	8.6	3.2	5.4	na	na
450	10475	12-Aug-09	0	16	41	7.7	2.8	4.9	na	na
451	10475	12-Aug-09	0	17	39	9	2.7	6.3	na	na
279	10475	12-Aug-09	1	1	36	5.5	3.1	2.4	na	na
280	10475	12-Aug-09	1	2	38	7.5	2.8	4.7	na	na
281	10475	12-Aug-09	1	3	37	7.1	2.5	4.6	na	na
282	10475	12-Aug-09	1	4	41	6.6	3.5	3.1	na	na
283	10475	12-Aug-09	1	5	28	3.6	2.8	0.8	na	na
284	10475	12-Aug-09	1	6	37	7.5	3.2	4.3	na	na
285	10475	12-Aug-09	1	7	29	4.6	2.9	1.7	na	na
286	10475	12-Aug-09	1	8	27	3.6	3.2	0.4	na	na
287	10475	12-Aug-09	1	9	37	6.8	3.2	3.6	na	na
288	10475	12-Aug-09	1	10	28	3.4	2.9	0.5	na	na
289	10475	12-Aug-09	1	11	28	3.9	3.1	0.8	na	na
290	10475	12-Aug-09	1	12	37	8.4	3.2	5.2	na	na
291	10475	12-Aug-09	1	13	31	3.7	2.7	1	na	na
292	10475	12-Aug-09	1	14	28	3.1	2.5	0.6	na	na
293	10475	12-Aug-09	1	15	30	4	3.2	0.8	na	na
294	10475	12-Aug-09	1	16	31	4.1	2.7	1.4	na	na
295	10475	12-Aug-09	1	17	29	3.8	2.6	1.2	na	na
296	10475	12-Aug-09	1	18	37	6.9	2.6	4.3	na	na
297	10475	12-Aug-09	1	19	37	6.2	2.5	3.7	na	na
298	10475	12-Aug-09	1	101	31	5	3.5	1.5	na	na
299	10475	12-Aug-09	1	102	31	4.6	3	1.6	na	na
362	10475	12-Aug-09	2	1	38	6	1.8	4.2	na	na
364	10475	12-Aug-09	2	2	39	7.7	2	5.7	na	na
365	10475	12-Aug-09	2	3	37	6.2	2.2	4	na	na
366	10475	12-Aug-09	2	4	37	5	2.3	2.7	na	na
367	10475	12-Aug-09	2	5	40	6.3	2.2	4.1	na	na
368	10475	12-Aug-09	2	6	40	6.9	2.1	4.8	na	na
369	10475	12-Aug-09	2	7	40	7.9	2.1	5.8	na	na
370	10475	12-Aug-09	2	8	41	5.8	2.1	3.7	na	na
371	10475	12-Aug-09	2	9	30	3.2	2.1	1.1	na	na
372	10475	12-Aug-09	2	10	30	3.3	2.1	1.2	na	na
373	10475	12-Aug-09	2	11	31	3.6	2.1	1.5	na	na
374	10475	12-Aug-09	2	12	31	3.3	2.1	1.2	na	na
375	10475	12-Aug-09	2	13	40	6.1	2	4.1	na	na
376	10475	12-Aug-09	2	14	29	3.2	2	1.2	na	na
377	10475	12-Aug-09	2	15	29	2.9	2	0.9	na	na
378	10475	12-Aug-09	2	16	29	3.2	2	1.2	na	na
379	10475	12-Aug-09	2	17	30	3.3	2	1.3	na	na
380	10475	12-Aug-09	2	18	29	2.8	2.1	0.7	na	na
381	10475	12-Aug-09	2	19	29	2.9	2	0.9	na	na
382	10475	12-Aug-09	2	20	29	2.9	2	0.9	na	na
383	10475	12-Aug-09	2	101	32	4.4	2	2.4	na	na
384	10475	12-Aug-09	2	102	31	4	2	2	na	na
385	10475	12-Aug-09	2	103	30	3.8	2	1.8	na	na
386	10475	12-Aug-09	2	104	31	4.7	2	2.7	na	na
387	10475	12-Aug-09	2	105	30	4	2	2	na	na
388	10475	12-Aug-09	2	106	30	4.1	2	2.1	na	na
389	10475	12-Aug-09	3	1	39	6	1.9	4.1	na	na
390	10475	12-Aug-09	3	2	32	3.8	1.9	1.9	na	na
391	10475	12-Aug-09	3	101	31	4	2	2	na	na
300	10475	12-Aug-09	4	1	37	7.4	3	4.4	na	na
301	10475	12-Aug-09	4	2	33	4.6	2.8	1.8	na	na
302	10475	12-Aug-09	4	101	32	5.2	2.6	2.6	na	na
303	10475	12-Aug-09	5	1	41	6.6	2.7	3.9	na	na
304	10475	12-Aug-09	5	2	41	7.3	2.5	4.8	na	na
305	10475	12-Aug-09	5	3	38	7.5	2.4	5.1	na	na
306	10475	12-Aug-09	5	4	38	6.7	2.3	4.4	na	na
307	10475	12-Aug-09	5	5	38	11	2.4	8.6	na	na
308	10475	12-Aug-09	5	6	31	3.8	2.6	1.2	na	na
309	10475	12-Aug-09	5	7	28	3.3	2.4	0.9	na	na
310	10475	12-Aug-09	5	8	30	3.8	2.9	0.9	na	na
311	10475	12-Aug-09	5	9	29	3.6	2.4	1.2	na	na
312	10475	12-Aug-09	5	10	31	3.6	2.7	0.9	na	na
313	10475	12-Aug-09	5	11	29	3.3	2.3	1	na	na
314	10475	12-Aug-09	5	12	29	3.9	3.2	0.7	na	na
315	10475	12-Aug-09	5	13	28	3.5	2.6	0.9	na	na
316	10475	12-Aug-09	5	14	28	3.2	2.4	0.8	na	na
318	10475	12-Aug-09	5	16	37	6.3	2.7	3.6	na	na
319	10475	12-Aug-09	5	17	29	3.8	2.3	1.5	na	na
320	10475	12-Aug-09	5	18	37	6.2	2.8	3.4	na	na
321	10475	12-Aug-09	5	19	37	6.3	2.5	3.8	na	na
322	10475	12-Aug-09	5	20	39	7.8	2.3	5.5	na	na
323	10475	12-Aug-09	5	101	32	4.7	2.9	1.8	na	na
324	10475	12-Aug-09	5	102	30	4	2.3	1.7	na	na
393	10475	12-Aug-09	7	1	41	7	3.1	3.9	na	na
394	10475	12-Aug-09	7	2	41	6.7	2.8	3.9	na	na
395	10475	12-Aug-09	7	3	40	6.5	2.8	3.7	na	na
396	10475	12-Aug-09	7	4	40	7	2.8	4.2	na	na
397	10475	12-Aug-09	7	5	38	6.4	2.8	3.6	na	na
398	10475	12-Aug-09	7	6	28	3.7	2.8	0.9	na	na
399	10475	12-Aug-09	7	7	31	4	2.7	1.3	na	na
400	10475	12-Aug-09	7	8	31	3.8	2.8	1	na	na
401	10475	12-Aug-09	7	9	31	3.8	2.5	1.3	na	na
402	10475	12-Aug-09	7	10	30	3.6	2.6	1	na	na
403	10475	12-Aug-09	7	101	31	4.1	2	2.1	na	na
404	10475	12-Aug-09	7	102	31	4.4	2	2.4	na	na
405	10475	12-Aug-09	7	103	31	3.8	2	1.8	na	na
406	10475	12-Aug-09	7	104	31	4.3	2	2.3	na	na
407	10475	12-Aug-09	10	1	31	3.9	2.3	1.6	na	na
408	10475	12-Aug-09	10	101	37	5.8	2.2	3.6	na	na
409	10475	12-Aug-09	11	1	3	5.8	2.2	3.6	na	na
410	10475	12-Aug-09	11	2	38	6.8	2	4.8	na	na
411	10475	12-Aug-09	11	3	38	6.3	2.1	4.2	na	na
412	10475	12-Aug-09	11	4	38	6.8	2.3	4.5	na	na
413	10475	12-Aug-09	11	5	41	6.1	2.2	3.9	na	na
414	10475	12-Aug-09	11	6	39	6	2.2	3.8	na	na
416	10475	12-Aug-09	11	8	30	3.5	2.2	1.3	na	na
417	10475	12-Aug-09	11	9	30	3.3	2.2	1.1	na	na
418	10475	12-Aug-09	11	10	29	3.5	2.2	1.3	na	na
419	10475	12-Aug-09	11	11	29	3.4	2.2	1.2	na	na
430	10475	12-Aug-09	11	101	29	3.8	2	1.8	na	na
431	10475	12-Aug-09	11	102	29	3.7	2	1.7	na	na
420	10475	12-Aug-09	13	1	41	5.8	2.1	3.7	na	na
421	10475	12-Aug-09	13	2	40	6.6	2.2	4.4	na	na
422	10475	12-Aug-09	13	3	39	6.3	2.2	4.1	na	na
423	10475	12-Aug-09	13	4	38	5.5	2.1	3.4	na	na
424	10475	12-Aug-09	13	5	37	5.3	2.1	3.2	na	na
425	10475	12-Aug-09	13	6	30	3.3	2.1	1.2	na	na
426	10475	12-Aug-09	13	7	29	3.4	2.1	1.3	na	na
427	10475	12-Aug-09	13	8	30	3.5	2.2	1.3	na	na
428	10475	12-Aug-09	13	9	30	3.5	2.2	1.3	na	na
429	10475	12-Aug-09	13	10	28	3	2.1	0.9	na	na
432	10475	12-Aug-09	13	101	31	4	2	2	na	na
433	10475	12-Aug-09	13	102	29	3.4	2	1.4	na	na
434	10475	12-Aug-09	13	103	30	4	2	2	na	na
351	10475	12-Aug-09	16	1	38	8.7	3.5	5.2	na	na
352	10475	12-Aug-09	16	2	30	4.5	3.1	1.4	na	na
353	10475	12-Aug-09	16	3	37	6.7	3	3.7	na	na
354	10475	12-Aug-09	16	4	31	4.8	2.7	2.1	na	na
355	10475	12-Aug-09	16	5	31	3.6	2.5	1.1	na	na
356	10475	12-Aug-09	16	6	30	4	2.3	1.7	na	na
357	10475	12-Aug-09	16	7	31	3.9	2.7	1.2	na	na
358	10475	12-Aug-09	16	8	37	7.3	2.6	4.7	na	na
359	10475	12-Aug-09	16	9	28	3.6	2.5	1.1	na	na
360	10475	12-Aug-09	16	10	38	0	0	0	na	na
361	10475	12-Aug-09	16	101	30	4.1	2.3	1.8	na	na
325	10475	12-Aug-09	17	1	0	0	0	0	na	na
326	10475	12-Aug-09	17	2	41	5.9	2.8	3.1	na	na
327	10475	12-Aug-09	17	3	41	7.2	2.6	4.6	na	na
328	10475	12-Aug-09	17	4	41	6.7	2.4	4.3	na	na
329	10475	12-Aug-09	17	5	37	5.8	2.4	3.4	na	na
330	10475	12-Aug-09	17	6	39	7.5	2.2	5.3	na	na
331	10475	12-Aug-09	17	7	38	6.2	2.2	4	na	na
332	10475	12-Aug-09	17	8	0	0	0	0	na	na
333	10475	12-Aug-09	17	9	37	7.2	2.9	4.3	na	na
334	10475	12-Aug-09	17	10	37	6.3	2.3	4	na	na
335	10475	12-Aug-09	17	11	32	3.4	2.3	1.1	na	na
336	10475	12-Aug-09	17	12	31	3.4	2.3	1.1	na	na
337	10475	12-Aug-09	17	13	29	3.8	2.8	1	na	na
338	10475	12-Aug-09	17	14	30	3.5	2.5	1	na	na
339	10475	12-Aug-09	17	15	29	3.5	2.6	0.9	na	na
340	10475	12-Aug-09	17	16	29	3.8	3	0.8	na	na
341	10475	12-Aug-09	17	17	30	3.5	2.5	1	na	na
342	10475	12-Aug-09	17	18	29	3.5	2.3	1.2	na	na
343	10475	12-Aug-09	17	19	27	3.3	2.2	1.1	na	na
344	10475	12-Aug-09	17	20	28	3	2.3	0.7	na	na
345	10475	12-Aug-09	17	101	32	5.2	3.3	1.9	na	na
346	10475	12-Aug-09	17	102	31	4.7	3	1.7	na	na
347	10475	12-Aug-09	17	103	33	5	2.6	2.4	na	na
348	10475	12-Aug-09	17	104	31	5.6	3.8	1.8	na	na
349	10475	12-Aug-09	17	105	31	4.7	3	1.7	na	na
350	10475	12-Aug-09	17	106	30	4.9	2.8	2.1	na	na
317	10475	21-Aug-09	5	15	32	4.3	2.7	1.6	na	na
415	10475	21-Aug-09	11	7	38	6.6	2.2	4.4	na	na
662	10475	31-Aug-09	0	1	33	5.3	2.7	2.6	na	na
663	10475	31-Aug-09	0	2	33	4.1	2.1	2	na	na
664	10475	31-Aug-09	0	3	33	5.3	2.8	2.5	na	na
665	10475	31-Aug-09	0	4	32	5.4	2.5	2.9	na	na
666	10475	31-Aug-09	0	5	35	5.3	2.5	2.8	na	na
667	10475	31-Aug-09	0	6	33	5.7	3	2.7	na	na
668	10475	31-Aug-09	0	7	35	6	3.2	2.8	na	na
669	10475	31-Aug-09	0	8	35	5.8	3.2	2.6	na	na
670	10475	31-Aug-09	0	9	31	5.1	2.8	2.3	na	na
671	10475	31-Aug-09	0	10	31	4.8	2.6	2.2	na	na
672	10475	31-Aug-09	0	11	31	4.2	2	2.2	na	na
673	10475	31-Aug-09	0	12	31	4.4	2.3	2.1	na	na
674	10475	31-Aug-09	0	13	33	5.2	2.4	2.8	na	na
675	10475	31-Aug-09	0	14	33	5	2.2	2.8	na	na
676	10475	31-Aug-09	0	15	31	3.9	2.2	1.7	na	na
677	10475	31-Aug-09	0	16	31	4.4	2.1	2.3	na	na
678	10475	31-Aug-09	0	17	27	2.8	2.5	0.3	na	na
679	10475	31-Aug-09	0	18	34	5.4	2.3	3.1	na	na
680	10475	31-Aug-09	0	19	27	2.6	2.1	0.5	na	na
681	10475	31-Aug-09	0	20	28	2.4	2	0.4	na	na
682	10475	31-Aug-09	0	21	27	3	2.7	0.3	na	na
683	10475	31-Aug-09	0	22	28	3.3	2.5	0.8	na	na
684	10475	31-Aug-09	0	23	31	4.5	2.4	2.1	na	na
685	10475	31-Aug-09	0	24	41	8.1	1.9	6.2	na	na
686	10475	31-Aug-09	0	25	32	5	3.6	1.4	na	na
687	10475	31-Aug-09	0	26	27	3.2	2.9	0.3	na	na
688	10475	31-Aug-09	0	27	40	9.2	3	6.2	na	na
689	10475	31-Aug-09	0	28	35	5.4	2.7	2.7	na	na
690	10475	31-Aug-09	0	29	31	4.5	2.6	1.9	na	na
691	10475	31-Aug-09	0	30	35	5.2	2.5	2.7	na	na
692	10475	31-Aug-09	0	31	31	4.3	2.4	1.9	na	na
582	10475	31-Aug-09	1	1	37	6.9	2.3	4.6	na	na
583	10475	31-Aug-09	1	2	38	5.9	2.2	3.7	na	na
584	10475	31-Aug-09	1	3	40	6.8	2.1	4.7	na	released
585	10475	31-Aug-09	1	4	37	6.1	2	4.1	na	na
586	10475	31-Aug-09	1	5	36	6.5	2	4.5	na	na
587	10475	31-Aug-09	1	6	37	6.3	2.2	4.1	na	na
588	10475	31-Aug-09	1	7	36	5.5	2.2	3.3	na	na
589	10475	31-Aug-09	1	8	33	3.2	2.2	1	na	na
590	10475	31-Aug-09	1	9	35	4.7	3	1.7	na	na
591	10475	31-Aug-09	1	10	27	3	2.7	0.3	na	na
592	10475	31-Aug-09	1	11	32	3.7	2.5	1.2	na	na
593	10475	31-Aug-09	1	12	31	3.3	2.3	1	na	na
594	10475	31-Aug-09	1	13	30	3.2	2.2	1	na	na
595	10475	31-Aug-09	1	14	28	3	2.4	0.6	na	na
596	10475	31-Aug-09	1	15	30	3.2	2.2	1	na	na
597	10475	31-Aug-09	1	16	29	3	2.1	0.9	na	na
598	10475	31-Aug-09	1	17	29	3	2	1	na	na
599	10475	31-Aug-09	1	18	28	2.5	1.9	0.6	na	na
600	10475	31-Aug-09	1	19	27	2.7	1.9	0.8	na	na
601	10475	31-Aug-09	1	20	0	0	0	0	na	tadpole not found in cage
622	10475	31-Aug-09	5	1	39	8.1	2.5	5.6	na	released
623	10475	31-Aug-09	5	2	38	6.4	2.3	4.1	na	na
624	10475	31-Aug-09	5	3	37	6.4	2.5	3.9	na	na
625	10475	31-Aug-09	5	4	38	10.3	2.2	8.1	na	na
626	10475	31-Aug-09	5	5	38	8.4	2.4	6	na	na
627	10475	31-Aug-09	5	6	39	7.6	2.7	4.9	na	released
628	10475	31-Aug-09	5	7	36	6.1	2.4	3.7	na	na
629	10475	31-Aug-09	5	8	28	3.2	2.3	0.9	na	na
630	10475	31-Aug-09	5	9	31	3.4	2.3	1.1	na	na
631	10475	31-Aug-09	5	10	31	4.3	2.6	1.7	na	na
632	10475	31-Aug-09	5	11	29	3.9	2.6	1.3	na	na
633	10475	31-Aug-09	5	12	33	3.7	2.5	1.2	na	na
634	10475	31-Aug-09	5	13	28	3.4	2.3	1.1	na	na
635	10475	31-Aug-09	5	14	29	3.1	2.2	0.9	na	na
636	10475	31-Aug-09	5	15	28	2.9	2.1	0.8	na	na
637	10475	31-Aug-09	5	16	29	3.3	2	1.3	na	na
638	10475	31-Aug-09	5	17	28	3	2	1	na	na
639	10475	31-Aug-09	5	18	0	0	0	0	na	dead  one individual seen morbid on 31 Aug
640	10475	31-Aug-09	5	19	0	0	0	0	na	dead  skeleton found in enclosure
641	10475	31-Aug-09	5	20	0	0	0	0	na	dead  skeleton  founnd in enclosure
642	10475	31-Aug-09	7	1	37	6.5	2.7	3.8	na	na
643	10475	31-Aug-09	7	2	29	3.4	2.5	0.9	na	na
644	10475	31-Aug-09	7	3	31	3.5	2.2	1.3	na	na
645	10475	31-Aug-09	7	4	31	3.9	2.2	1.7	na	na
646	10475	31-Aug-09	7	5	31	4	2.2	1.8	na	na
647	10475	31-Aug-09	7	6	31	3.6	2	1.6	na	na
648	10475	31-Aug-09	7	7	31	4.5	3.3	1.2	na	na
649	10475	31-Aug-09	7	8	30	3.7	2.6	1.1	na	na
650	10475	31-Aug-09	7	9	31	3.7	2.4	1.3	na	na
651	10475	31-Aug-09	7	10	31	3.2	2.2	1	na	na
652	10475	31-Aug-09	11	1	37	6.8	2.6	4.2	na	na
653	10475	31-Aug-09	11	2	37	6.5	2.4	4.1	na	na
654	10475	31-Aug-09	11	3	36	6.6	2.4	4.2	na	na
655	10475	31-Aug-09	11	4	37	6.8	2.4	4.4	na	na
656	10475	31-Aug-09	11	5	31	4.3	3.1	1.2	na	accidental released
657	10475	31-Aug-09	11	6	30	3.7	2.6	1.1	na	na
658	10475	31-Aug-09	11	7	31	3.6	2.4	1.2	na	na
659	10475	31-Aug-09	11	8	29	3.4	2.2	1.2	na	na
660	10475	31-Aug-09	11	9	29	3.4	2.3	1.1	na	na
661	10475	31-Aug-09	11	10	28	3.3	2.2	1.1	na	na
602	10475	31-Aug-09	17	1	32	3.2	1.8	1.4	na	na
603	10475	31-Aug-09	17	2	37	6.7	2.5	4.2	na	na
604	10475	31-Aug-09	17	3	37	6.6	2.4	4.2	na	na
605	10475	31-Aug-09	17	4	39	7.2	3.5	3.7	na	released
606	10475	31-Aug-09	17	5	37	5.8	2.5	3.3	na	na
607	10475	31-Aug-09	17	6	0	4.2	2.5	1.7	na	na
608	10475	31-Aug-09	17	7	28	3.4	2.5	0.9	na	na
609	10475	31-Aug-09	17	8	31	3.5	2.3	1.2	na	na
610	10475	31-Aug-09	17	9	31	3.5	2.1	1.4	na	na
611	10475	31-Aug-09	17	10	29	3.2	2.1	1.1	na	na
612	10475	31-Aug-09	17	11	30	3.9	3	0.9	na	na
613	10475	31-Aug-09	17	12	29	3	2.6	0.4	na	na
614	10475	31-Aug-09	17	13	28	3.2	2.3	0.9	na	na
615	10475	31-Aug-09	17	14	31	3.5	2.1	1.4	na	na
616	10475	31-Aug-09	17	15	28	3	2	1	na	na
617	10475	31-Aug-09	17	16	29	3	2	1	na	na
618	10475	31-Aug-09	17	17	31	3.2	2	1.2	na	na
619	10475	31-Aug-09	17	18	31	3.1	2	1.1	na	na
620	10475	31-Aug-09	17	19	30	2.9	1.9	1	na	na
621	10475	31-Aug-09	17	20	0	0	0	0	na	accidentally released
950	10475	21-Sep-09	0	1	31	6	2.5	3.5	na	na
951	10475	21-Sep-09	0	2	34	5.5	2.5	3	na	na
952	10475	21-Sep-09	0	3	34	5.2	2.5	2.7	na	na
953	10475	21-Sep-09	0	4	38	9.7	2.4	7.3	na	na
954	10475	21-Sep-09	0	5	27	3.1	2.5	0.6	na	na
955	10475	21-Sep-09	0	6	28	3.7	2.3	1.4	na	na
956	10475	21-Sep-09	0	7	31	4.7	2.4	2.3	na	na
957	10475	21-Sep-09	0	8	27	3.7	2.3	1.4	na	na
958	10475	21-Sep-09	0	9	32	5.1	2.2	2.9	na	na
959	10475	21-Sep-09	0	10	31	4.7	2	2.7	na	na
960	10475	21-Sep-09	0	11	33	5.4	3	2.4	na	na
961	10475	21-Sep-09	0	12	26	2.9	2.5	0.4	na	na
962	10475	21-Sep-09	0	13	34	5.7	2.7	3	na	na
963	10475	21-Sep-09	0	14	26	2.6	2.5	0.1	na	na
964	10475	21-Sep-09	0	15	34	5.4	2.1	3.3	na	na
965	10475	21-Sep-09	0	16	34	5.5	2	3.5	na	na
966	10475	21-Sep-09	0	17	31	5	2	3	na	na
967	10475	21-Sep-09	0	18	31	5.3	2.4	2.9	na	na
968	10475	21-Sep-09	0	19	26	2.9	2.4	0.5	na	na
969	10475	21-Sep-09	0	20	34	5.5	2.3	3.2	na	na
970	10475	21-Sep-09	0	21	29	5.2	2.2	3	na	na
971	10475	21-Sep-09	0	22	33	5	2.3	2.7	na	na
972	10475	21-Sep-09	0	23	33	5.6	2.2	3.4	na	na
973	10475	21-Sep-09	0	24	31	5.3	2.2	3.1	na	na
974	10475	21-Sep-09	0	25	38	9.4	2.3	7.1	na	na
975	10475	21-Sep-09	0	26	31	5.5	2.4	3.1	na	na
976	10475	21-Sep-09	0	27	39	6	2.4	3.6	na	na
977	10475	21-Sep-09	0	28	31	4.7	2.3	2.4	na	na
978	10475	21-Sep-09	0	29	31	4.6	2.2	2.4	na	na
979	10475	21-Sep-09	0	30	31	4.6	2.4	2.2	na	na
824	10475	21-Sep-09	1	1	40	6.2	1.7	4.5	na	na
825	10475	21-Sep-09	1	2	39	6.1	1.8	4.3	na	na
826	10475	21-Sep-09	1	3	38	5	1.7	3.3	na	na
827	10475	21-Sep-09	1	4	38	5.7	1.8	3.9	na	na
828	10475	21-Sep-09	1	5	38	5.4	1.8	3.6	na	na
829	10475	21-Sep-09	1	6	33	3.6	2	1.6	na	na
830	10475	21-Sep-09	1	7	31	3.2	2	1.2	na	na
831	10475	21-Sep-09	1	8	33	3.7	1.9	1.8	na	na
832	10475	21-Sep-09	1	9	28	2.4	2	0.4	na	na
833	10475	21-Sep-09	1	10	36	3.3	2	1.3	na	na
834	10475	21-Sep-09	1	11	28	2.8	1.9	0.9	na	na
835	10475	21-Sep-09	1	12	28	2.7	2	0.7	na	na
836	10475	21-Sep-09	1	13	30	2.8	1.9	0.9	na	na
837	10475	21-Sep-09	1	14	28	2.7	1.9	0.8	na	na
838	10475	21-Sep-09	1	15	29	2.8	1.9	0.9	na	na
839	10475	21-Sep-09	1	16	28	2.5	1.9	0.6	na	na
840	10475	21-Sep-09	1	17	28	2.5	1.9	0.6	na	na
868	10475	21-Sep-09	1	18	0	0	0	0	na	not found
869	10475	21-Sep-09	1	19	0	0	0	0	na	not found
870	10475	21-Sep-09	1	20	0	0	0	0	na	not found
896	10475	21-Sep-09	2	1	37	6.7	2.7	4	na	na
897	10475	21-Sep-09	2	2	36	5.1	2.5	2.6	na	na
898	10475	21-Sep-09	2	3	37	5.7	2.2	3.5	na	na
899	10475	21-Sep-09	2	4	31	2.9	2.1	0.8	na	na
900	10475	21-Sep-09	2	5	29	3.2	2	1.2	na	na
901	10475	21-Sep-09	2	6	30	4	3	1	na	na
902	10475	21-Sep-09	2	7	30	3.7	2.5	1.2	na	na
903	10475	21-Sep-09	2	8	30	3.4	2.5	0.9	na	na
904	10475	21-Sep-09	2	9	31	3.6	2.2	1.4	na	na
905	10475	21-Sep-09	2	10	30	3.2	2.1	1.1	na	na
906	10475	21-Sep-09	2	11	31	3.6	2.5	1.1	na	na
907	10475	21-Sep-09	2	12	30	3.7	2.4	1.3	na	na
908	10475	21-Sep-09	2	13	34	3.5	2.3	1.2	na	na
909	10475	21-Sep-09	2	14	29	3.1	2.1	1	na	na
910	10475	21-Sep-09	2	15	30	3	1.9	1.1	na	na
911	10475	21-Sep-09	2	16	29	3.6	2.7	0.9	na	na
912	10475	21-Sep-09	2	17	31	3.7	2.5	1.2	na	na
913	10475	21-Sep-09	2	18	29	3.1	2.4	0.7	na	na
914	10475	21-Sep-09	2	19	31	3.4	2.1	1.3	na	na
915	10475	21-Sep-09	2	20	28	3	2.1	0.9	na	na
841	10475	21-Sep-09	3	1	32	3.8	1.9	1.9	na	na
842	10475	21-Sep-09	3	2	31	3.5	1.9	1.6	na	na
822	10475	21-Sep-09	4	1	34	4.2	1.6	2.6	na	na
823	10475	21-Sep-09	4	2	33	3.9	1.8	2.1	na	na
843	10475	21-Sep-09	5	1	40	9.6	1.8	7.8	na	na
844	10475	21-Sep-09	5	2	40	6.9	1.8	5.1	na	na
845	10475	21-Sep-09	5	3	38	5.9	1.8	4.1	na	na
846	10475	21-Sep-09	5	4	37	5.6	1.8	3.8	na	na
847	10475	21-Sep-09	5	5	37	5.4	2	3.4	na	na
848	10475	21-Sep-09	5	6	31	3.3	2	1.3	na	na
849	10475	21-Sep-09	5	7	31	3.6	2	1.6	na	na
850	10475	21-Sep-09	5	8	31	3.7	1.9	1.8	na	na
851	10475	21-Sep-09	5	9	36	4.1	2	2.1	na	na
852	10475	21-Sep-09	5	10	31	3.6	2.1	1.5	na	na
853	10475	21-Sep-09	5	11	31	3.8	2.1	1.7	na	na
854	10475	21-Sep-09	5	12	29	3.3	2.1	1.2	na	na
855	10475	21-Sep-09	5	13	28	3.2	2	1.2	na	na
856	10475	21-Sep-09	5	14	28	2.8	2	0.8	na	na
857	10475	21-Sep-09	5	15	29	3.2	2	1.2	na	na
858	10475	21-Sep-09	5	16	28	2.9	1.9	1	na	na
859	10475	21-Sep-09	5	17	29	2.9	1.9	1	na	na
860	10475	21-Sep-09	5	18	30	3.2	1.9	1.3	na	na
861	10475	21-Sep-09	5	19	29	3	1.9	1.1	na	na
862	10475	21-Sep-09	5	20	28	2.7	1.8	0.9	na	na
920	10475	21-Sep-09	7	1	37	6.2	2.6	3.6	na	na
921	10475	21-Sep-09	7	2	32	3.8	2.5	1.3	na	na
922	10475	21-Sep-09	7	3	31	3.6	2.4	1.2	na	na
923	10475	21-Sep-09	7	4	31	4	2.8	1.2	na	na
924	10475	21-Sep-09	7	5	31	4	2.5	1.5	na	na
925	10475	21-Sep-09	7	6	32	3.7	2.2	1.5	na	na
926	10475	21-Sep-09	7	7	30	3.8	2.6	1.2	na	na
927	10475	21-Sep-09	7	8	31	3.5	2.4	1.1	na	na
928	10475	21-Sep-09	7	9	31	3.4	2.2	1.2	na	na
929	10475	21-Sep-09	7	10	28	3.1	2	1.1	na	na
916	10475	21-Sep-09	10	1	31	3.9	2.2	1.7	na	na
917	10475	21-Sep-09	10	2	37	6	2.1	3.9	na	na
930	10475	21-Sep-09	11	1	37	7	3.2	3.8	na	na
931	10475	21-Sep-09	11	2	29	3.9	2.8	1.1	na	na
932	10475	21-Sep-09	11	3	29	0	0	0	na	no weights recorded
933	10475	21-Sep-09	11	4	37	6.5	2.6	3.9	na	na
934	10475	21-Sep-09	11	5	31	3.7	2.5	1.2	na	na
935	10475	21-Sep-09	11	6	29	3.4	2.4	1	na	na
936	10475	21-Sep-09	11	7	31	3.4	2.2	1.2	na	na
937	10475	21-Sep-09	11	8	37	6.4	2.1	4.3	na	na
938	10475	21-Sep-09	11	9	38	6.5	2.2	4.3	na	na
939	10475	21-Sep-09	11	10	0	0	0	0	na	not found in enclosure
940	10475	21-Sep-09	13	1	32	0	0	0	na	no weight taken
941	10475	21-Sep-09	13	2	27	4	3	1	na	na
942	10475	21-Sep-09	13	3	28	4.2	3	1.2	na	na
943	10475	21-Sep-09	13	4	31	4	2.7	1.3	na	na
944	10475	21-Sep-09	13	5	29	3.4	2.6	0.8	na	na
945	10475	21-Sep-09	13	6	31	4.1	2.4	1.7	na	na
946	10475	21-Sep-09	13	7	29	3.3	2.4	0.9	na	na
947	10475	21-Sep-09	13	8	31	4	2.8	1.2	na	na
948	10475	21-Sep-09	13	9	36	5.4	2.6	2.8	na	na
949	10475	21-Sep-09	13	10	37	6.1	2.6	3.5	na	na
918	10475	21-Sep-09	15	1	31	4.4	3	1.4	na	na
919	10475	21-Sep-09	15	2	37	6.2	2.6	3.6	na	na
886	10475	21-Sep-09	16	1	38	6	2	4	na	na
887	10475	21-Sep-09	16	2	38	5.5	2	3.5	na	na
888	10475	21-Sep-09	16	3	31	3.8	2	1.8	na	na
889	10475	21-Sep-09	16	4	30	3.3	2.1	1.2	na	na
890	10475	21-Sep-09	16	5	33	3.8	2	1.8	na	na
891	10475	21-Sep-09	16	6	30	3.1	2	1.1	na	na
892	10475	21-Sep-09	16	7	31	3.1	2	1.1	na	na
893	10475	21-Sep-09	16	8	29	3	2	1	na	na
894	10475	21-Sep-09	16	9	30	3	2.1	0.9	na	na
895	10475	21-Sep-09	16	10	30	3.1	2.1	1	na	na
863	10475	21-Sep-09	17	1	37	5.8	1.9	3.9	na	na
864	10475	21-Sep-09	17	2	38	6	2	4	na	na
865	10475	21-Sep-09	17	3	37	5	2.1	2.9	na	na
866	10475	21-Sep-09	17	4	32	3.8	2.1	1.7	na	na
867	10475	21-Sep-09	17	5	33	0	0	0	na	accidental released
871	10475	21-Sep-09	17	6	34	3.9	2	1.9	na	na
872	10475	21-Sep-09	17	7	31	3.3	2.1	1.2	na	na
873	10475	21-Sep-09	17	8	31	3.2	2	1.2	na	na
874	10475	21-Sep-09	17	9	29	3	1.8	1.2	na	na
875	10475	21-Sep-09	17	10	29	2.9	2.1	0.8	na	na
876	10475	21-Sep-09	17	11	29	3	2.1	0.9	na	na
877	10475	21-Sep-09	17	12	29	3	2	1	na	na
878	10475	21-Sep-09	17	13	28	3	2	1	na	na
879	10475	21-Sep-09	17	14	29	3.3	2.1	1.2	na	na
880	10475	21-Sep-09	17	15	29	2.7	2.3	0.4	na	na
881	10475	21-Sep-09	17	16	28	3	2.1	0.9	na	na
882	10475	21-Sep-09	17	17	28	2.7	2	0.7	na	na
883	10475	21-Sep-09	17	18	30	3.4	2	1.4	na	na
884	10475	21-Sep-09	17	19	0	0	0	0	na	not found in enclosure
885	10475	21-Sep-09	17	20	0	0	0	0	na	not found in enclosure
